00000011110111110001000000100000
00000011111111100001100000100010
00000011111111100010000000100100
00000011111111100010100000100101
00000011110111110011000000101010
00000000000000100011100001000000
00000000000000100100000001000010
00100000011010010000000000000011
00010000011000010000000000000011
00000000000000000000000000000000
00001000000000000000000000001101
00000000000000000000000000000000
00000011111000000000000000001000
00110000010010100000000000000010
00110100010010110000000000000011
10001111110011000000000000000000
00000010000000000000000000001000
10101100000000100000000000000001