10001100000000010000000000000010
10001100000000100000000000000011
10101100000000100000000000000110
00000000001000100001100000100000
00000000010000010010000000100010
00000000010000010010100000100100
00010000001010010000000000001000
00000000000000000000000000000000
00000000000000000000000000000000
00000000010000010011000000100101
00000000001000100011100000101010
00100000001010000000000000000011
00110000010010010000000000000010
00110100001010100000000000000011
00001000000000000000000000010001
00000000000000000000000000000000
00000011111000000000000000001000
00000000000000000000000000000000
00000000000000010101100001000000
00001100000000000000000000001111
00000000000000010110000001000010
